0 0 0
0 0 168
0 168 0
0 168 168
168 0 0
168 0 168
168 84 0
168 168 168
84 84 84
84 84 252
84 252 84
84 252 252
252 84 84
252 84 252
252 252 84
255 255 255
10 10 10
20 20 20
32 32 32
44 44 44
56 56 56
68 68 68
80 80 80
96 96 96
112 112 112
128 128 128
144 144 144
160 160 160
180 180 180
200 200 200
224 224 224
240 240 240
20 0 0
32 0 0
64 0 0
96 0 0
128 0 0
156 0 0
188 0 0
220 0 0
252 0 0
252 36 36
252 72 72
252 108 108
252 144 144
252 180 180
252 216 216
255 240 240
0 0 20
0 0 32
0 0 64
0 0 96
0 0 128
0 0 156
0 0 188
0 0 220
0 0 252
36 36 252
72 72 252
108 108 252
144 144 252
180 180 252
216 216 252
240 240 255
0 20 0
0 32 0
0 64 0
0 96 0
0 128 0
0 156 0
0 180 0
0 216 0
0 252 0
36 252 36
72 252 72
108 252 108
144 252 144
180 252 180
216 252 216
240 255 240
222 89 0
236 111 0
255 138 1
255 171 25
255 210 87
255 234 135
255 244 193
255 253 231
0 6 230
0 71 250
1 103 255
29 146 255
33 159 255
77 199 255
125 223 255
173 244 255
0 20 20
0 32 32
0 64 64
0 96 96
0 128 128
0 156 156
0 188 188
0 220 220
0 252 252
36 252 252
72 252 252
108 252 252
144 252 252
180 252 252
220 252 252
240 255 255
20 20 0
32 32 0
64 64 0
96 96 0
128 128 0
156 156 0
188 188 0
220 220 0
252 252 0
252 252 36
252 252 72
252 252 108
252 252 144
252 252 180
252 252 216
255 255 240
0 126 0
0 150 0
0 192 0
0 226 0
0 255 0
163 255 163
207 255 207
235 255 235
76 0 0
100 0 0
124 0 0
148 0 0
176 0 0
204 0 0
232 0 0
255 0 0
20 10 0
32 16 0
64 32 0
96 48 0
128 64 0
156 76 0
188 92 0
220 108 0
252 124 0
252 144 36
252 160 72
252 180 108
252 196 144
252 216 180
252 232 216
255 240 232
0 10 20
0 16 32
0 32 64
0 48 96
0 64 128
0 76 156
0 92 188
0 108 220
0 124 252
36 144 252
72 160 252
108 180 252
144 196 252
180 216 252
216 232 252
232 240 255
10 0 20
16 0 32
32 0 64
48 0 96
64 0 128
76 0 156
92 0 188
108 0 220
124 0 252
144 36 252
160 72 252
180 108 252
196 144 252
216 180 252
232 216 252
240 232 255
0 20 10
0 32 16
0 64 32
0 96 48
0 128 64
0 156 76
0 188 92
0 220 108
0 252 124
36 252 144
72 252 160
108 252 180
144 252 196
180 252 216
216 252 232
232 255 240
14 8 0
16 12 0
32 24 0
48 36 0
64 48 0
80 60 0
96 72 0
112 84 0
128 96 0
144 120 36
160 140 72
180 164 108
196 184 144
216 208 180
232 228 216
240 238 232
108 78 36
126 91 42
148 105 44
175 120 41
204 135 36
229 149 35
236 160 52
242 171 70
247 182 89
251 193 109
255 203 129
255 213 153
255 223 177
255 231 201
255 237 213
255 244 225
0 10 10
0 16 16
0 32 32
0 48 48
0 64 64
0 80 80
0 96 96
0 112 112
0 128 128
36 144 144
72 164 164
108 180 180
144 200 200
180 216 216
216 236 236
232 244 244
